# mob ids that spawn on a map and have ZERO drop_data rows - killing them yields nothing but exp
# 177 rows
1210111
4090000
6130201
7120100
7120101
7120102
7220003
8120100
8120101
8140510
8140555
8190001
8220013
8820019
8820020
8820021
8820022
8820023
9001014
9100000
9100001
9100002
9100003
9100004
9100005
9100006
9100007
9100013
9300013
9300020
9300021
9300044
9300050
9300051
9300052
9300053
9300062
9300063
9300064
9300081
9300082
9300083
9300084
9300087
9300088
9300091
9300092
9300101
9300103
9300104
9300137
9300138
9300141
9300145
9300146
9300150
9300153
9300154
9300158
9300159
9300162
9300172
9300175
9300271
9300272
9300273
9300287
9300288
9300290
9300291
9300292
9300293
9300311
9300312
9300313
9300314
9300325
9300326
9300339
9300350
9300354
9300378
9300379
9300380
9300381
9300383
9300385
9300386
9300387
9300389
9300390
9300392
9300395
9300396
9302000
9302001
9302002
9302003
9302004
9302005
9302006
9302007
9302008
9302009
9400310
9400311
9400312
9400313
9400314
9400315
9400316
9400317
9400318
9400535
9400559
9400564
9400577
9400584
9400594
9400595
9400601
9400602
9400603
9400604
9400605
9400618
9400619
9400620
9400621
9400622
9400657
9400704
9400714
9400741
9400742
9400743
9400744
9400745
9400746
9400747
9409000
9409001
9500182
9500183
9500197
9500200
9500201
9500202
9500203
9500204
9500323
9500324
9500336
9700000
9700001
9700002
9700003
9700004
9700005
9700006
9700007
9700008
9700009
9700010
9700011
9700012
9700013
9700014
9700015
9700016
9700017
9700018
9700024
9700025
9700026
9700027
9700028
