# dropperids that exist in Mob.wz but are placed on no map's life list - their drops are unreachable unless a script summons them
# 392 rows
2220000
2230112
3220000
3220001
3300005
3300006
3300007
3300008
3400004
3400006
3400008
4220000
4300001
4300003
4300005
4300017
5220000
5220002
5220003
5220004
6090002
6130102
6130104
6130202
6220000
6220001
6230201
6230401
6300001
6300002
6400001
6400006
6400008
6400009
7130020
7130400
7130401
7130402
7220000
7220001
7220002
7220005
8120107
8150000
8190002
8220000
8220002
8220003
8220007
8220009
8220015
8500002
8800002
8810018
8820000
8820001
8830000
8830007
9001009
9200016
9200019
9300010
9300011
9300012
9300028
9300033
9300039
9300049
9300061
9300079
9300080
9300105
9300106
9300107
9300119
9300124
9300125
9300128
9300129
9300130
9300132
9300135
9300139
9300140
9300178
9300182
9300184
9300185
9300186
9300187
9300188
9300189
9300190
9300191
9300192
9300193
9300194
9300195
9300196
9300197
9300198
9300199
9300200
9300201
9300202
9300203
9300204
9300205
9300206
9300207
9300208
9300209
9300210
9300211
9300212
9300213
9300214
9300215
9300217
9300218
9300219
9300220
9300221
9300222
9300223
9300224
9300225
9300226
9300227
9300228
9300229
9300230
9300231
9300232
9300233
9300234
9300235
9300236
9300237
9300238
9300239
9300240
9300241
9300242
9300243
9300244
9300245
9300246
9300247
9300248
9300249
9300250
9300251
9300252
9300253
9300254
9300255
9300256
9300257
9300258
9300259
9300260
9300261
9300262
9300263
9300264
9300265
9300266
9300267
9300268
9300270
9300319
9300320
9300321
9300322
9300323
9300324
9300332
9300334
9300335
9300336
9300337
9300344
9300347
9300367
9300368
9300369
9300370
9300371
9300372
9300373
9300374
9300375
9300376
9300377
9303000
9303001
9303002
9303003
9303004
9303005
9303006
9303007
9303008
9303009
9303010
9303011
9303012
9303013
9303014
9303016
9400009
9400010
9400112
9400113
9400114
9400200
9400201
9400203
9400209
9400211
9400212
9400213
9400214
9400215
9400216
9400217
9400218
9400238
9400239
9400241
9400242
9400243
9400244
9400245
9400246
9400247
9400248
9400300
9400500
9400501
9400502
9400503
9400504
9400512
9400514
9400518
9400523
9400525
9400526
9400527
9400528
9400529
9400541
9400550
9400569
9400570
9400571
9400583
9400585
9400587
9400590
9400591
9400592
9400593
9400610
9400633
9400644
9410009
9410011
9410014
9410015
9420001
9420002
9420003
9420005
9420015
9420513
9420544
9420545
9420549
9420550
9500101
9500103
9500104
9500105
9500106
9500107
9500108
9500109
9500110
9500111
9500112
9500113
9500115
9500116
9500117
9500118
9500119
9500120
9500121
9500122
9500123
9500124
9500125
9500126
9500127
9500128
9500129
9500130
9500131
9500132
9500134
9500135
9500136
9500137
9500138
9500139
9500140
9500156
9500157
9500158
9500159
9500160
9500161
9500162
9500163
9500164
9500165
9500166
9500168
9500169
9500170
9500171
9500172
9500173
9500174
9500175
9500176
9500178
9500180
9500181
9500306
9500307
9500308
9500309
9500310
9500311
9500312
9500313
9500314
9500317
9500318
9500319
9500320
9500321
9500325
9500326
9500327
9500328
9500329
9500330
9500331
9500332
9500333
9500334
9500335
9500366
9500367
9500368
9500369
9500370
9500371
9500372
9500374
9500375
9500376
9500377
9500378
9500379
9500380
9500381
9500382
9500400
9600001
9600002
9600003
9600004
9600005
9600006
9600007
9600008
