# id	stat	v83-stock	v84-stock	this server - v83 and v84 agree; this server differs. OWNER'S custom balance, preserve.
# 216 rows
2022002	slotMax	1	1	-
2040728	slotMax	-	-	100
2040729	slotMax	-	-	100
2040730	slotMax	-	-	100
2040731	slotMax	-	-	100
2040732	slotMax	-	-	100
2040733	slotMax	-	-	100
2040734	slotMax	-	-	100
2040735	slotMax	-	-	100
2040736	slotMax	-	-	100
2040737	slotMax	-	-	100
2040738	slotMax	-	-	100
2040739	slotMax	-	-	100
2280000	slotMax	1	1	100
2280001	slotMax	1	1	100
2280002	slotMax	1	1	100
2280003	slotMax	1	1	100
2280004	slotMax	1	1	100
2280005	slotMax	1	1	100
2280006	slotMax	1	1	100
2280007	slotMax	1	1	100
2280008	slotMax	1	1	100
2280009	slotMax	1	1	100
2280010	slotMax	1	1	100
2280011	slotMax	1	1	100
2280012	slotMax	1	1	100
2280013	slotMax	1	1	100
2280014	slotMax	1	1	100
2280015	slotMax	1	1	100
2280016	slotMax	1	1	100
2280017	slotMax	1	1	100
2280018	slotMax	1	1	100
2280019	slotMax	1	1	100
2280020	slotMax	1	1	100
2280021	slotMax	1	1	100
2280022	slotMax	1	1	100
2280023	slotMax	1	1	100
2280024	slotMax	1	1	100
2280025	slotMax	1	1	100
2290000	slotMax	1	1	100
2290001	slotMax	1	1	100
2290002	slotMax	1	1	100
2290003	slotMax	1	1	100
2290004	slotMax	1	1	100
2290005	slotMax	1	1	100
2290006	slotMax	1	1	100
2290007	slotMax	1	1	100
2290008	slotMax	1	1	100
2290009	slotMax	1	1	100
2290010	slotMax	1	1	100
2290011	slotMax	1	1	100
2290012	slotMax	1	1	100
2290013	slotMax	1	1	100
2290014	slotMax	1	1	100
2290015	slotMax	1	1	100
2290016	slotMax	1	1	100
2290017	slotMax	1	1	100
2290018	slotMax	1	1	100
2290019	slotMax	1	1	100
2290020	slotMax	1	1	100
2290021	slotMax	1	1	100
2290022	slotMax	1	1	100
2290023	slotMax	1	1	100
2290024	slotMax	1	1	100
2290025	slotMax	1	1	100
2290026	slotMax	1	1	100
2290027	slotMax	1	1	100
2290028	slotMax	1	1	100
2290029	slotMax	1	1	100
2290030	slotMax	1	1	100
2290031	slotMax	1	1	100
2290032	slotMax	1	1	100
2290033	slotMax	1	1	100
2290034	slotMax	1	1	100
2290035	slotMax	1	1	100
2290036	slotMax	1	1	100
2290037	slotMax	1	1	100
2290038	slotMax	1	1	100
2290039	slotMax	1	1	100
2290040	slotMax	1	1	100
2290041	slotMax	1	1	100
2290042	slotMax	1	1	100
2290043	slotMax	1	1	100
2290044	slotMax	1	1	100
2290045	slotMax	1	1	100
2290046	slotMax	1	1	100
2290047	slotMax	1	1	100
2290048	slotMax	1	1	100
2290049	slotMax	1	1	100
2290050	slotMax	1	1	100
2290051	slotMax	1	1	100
2290052	slotMax	1	1	100
2290053	slotMax	1	1	100
2290054	slotMax	1	1	100
2290055	slotMax	1	1	100
2290056	slotMax	1	1	100
2290057	slotMax	1	1	100
2290058	slotMax	1	1	100
2290059	slotMax	1	1	100
2290060	slotMax	1	1	100
2290061	slotMax	1	1	100
2290062	slotMax	1	1	100
2290063	slotMax	1	1	100
2290064	slotMax	1	1	100
2290065	slotMax	1	1	100
2290066	slotMax	1	1	100
2290067	slotMax	1	1	100
2290068	slotMax	1	1	100
2290069	slotMax	1	1	100
2290070	slotMax	1	1	100
2290071	slotMax	1	1	100
2290072	slotMax	1	1	100
2290073	slotMax	1	1	100
2290074	slotMax	1	1	100
2290075	slotMax	1	1	100
2290076	slotMax	1	1	100
2290077	slotMax	1	1	100
2290078	slotMax	1	1	100
2290079	slotMax	1	1	100
2290080	slotMax	1	1	100
2290081	slotMax	1	1	100
2290082	slotMax	1	1	100
2290083	slotMax	1	1	100
2290084	slotMax	1	1	100
2290085	slotMax	1	1	100
2290086	slotMax	1	1	100
2290087	slotMax	1	1	100
2290088	slotMax	1	1	100
2290089	slotMax	1	1	100
2290090	slotMax	1	1	100
2290091	slotMax	1	1	100
2290092	slotMax	1	1	100
2290093	slotMax	1	1	100
2290094	slotMax	1	1	100
2290095	slotMax	1	1	100
2290096	slotMax	1	1	100
2290097	slotMax	1	1	100
2290098	slotMax	1	1	100
2290099	slotMax	1	1	100
2290100	slotMax	1	1	100
2290101	slotMax	1	1	100
2290102	slotMax	1	1	100
2290103	slotMax	1	1	100
2290104	slotMax	1	1	100
2290105	slotMax	1	1	100
2290106	slotMax	1	1	100
2290107	slotMax	1	1	100
2290108	slotMax	1	1	100
2290110	slotMax	1	1	100
2290111	slotMax	1	1	100
2290112	slotMax	1	1	100
2290113	slotMax	1	1	100
2290114	slotMax	1	1	100
2290115	slotMax	1	1	100
2290116	slotMax	1	1	100
2290117	slotMax	1	1	100
2290118	slotMax	1	1	100
2290119	slotMax	1	1	100
2290120	slotMax	1	1	100
2290121	slotMax	1	1	100
2290122	slotMax	1	1	100
2290123	slotMax	1	1	100
2290124	slotMax	1	1	100
2290125	slotMax	1	1	100
2290126	slotMax	1	1	100
2290127	slotMax	1	1	100
2290128	slotMax	1	1	100
2290129	slotMax	1	1	100
2290130	slotMax	1	1	100
2290131	slotMax	1	1	100
2290132	slotMax	1	1	100
2290133	slotMax	1	1	100
2290134	slotMax	1	1	100
2290135	slotMax	1	1	100
2290136	slotMax	1	1	100
2290137	slotMax	1	1	100
2290138	slotMax	1	1	100
2290139	slotMax	1	1	100
3010045	only	-	-	1
4001094	only	-	-	1
4001094	quest	1	1	-
4001094	tradeBlock	1	1	-
4001111	quest	-	-	1
4001207	quest	-	-	1
4001372	quest	-	-	1
4001373	quest	-	-	1
4031061	only	-	-	1
4031061	quest	1	1	-
4031061	tradeBlock	-	-	1
4031062	only	-	-	1
4031062	quest	1	1	-
4031062	tradeBlock	-	-	1
4031209	quest	-	-	1
4031217	quest	1	1	-
4031523	quest	-	-	1
4031523	tradeBlock	1	1	-
4031524	quest	-	-	1
4031524	tradeBlock	1	1	-
4031527	quest	-	-	1
4031527	tradeBlock	1	1	-
4031901	price	1	1	1700
4031901	slotMax	1	1	100
4031901	notSale	1	1	-
4031901	tradeBlock	1	1	-
4031903	slotMax	1	1	-
4031906	price	1	1	1500
4031906	slotMax	1	1	100
4031906	notSale	1	1	-
4031906	tradeBlock	1	1	-
4031992	quest	-	-	1
4031992	notSale	1	1	-
4031992	tradeBlock	1	1	-
4032013	notSale	-	-	1
4032133	price	1	1	10000
4032133	tradeBlock	1	1	-
4032474	price	1	1	1500
